$ANSIBLE_VAULT;1.1;AES256
37323732343965396333313765323461363730376238626565393039303932363162643536356532
3166313361396638366661356262663739663138333132360a396333333865356430663537363666
37323465313734386134366133386339346231333430316331383634653932633937313661343337
6436373731396465320a663637646664363737386133663662393565353934376665623365663232
33626430663738393531616533653830363030396462623536613962643435393032633035383434
39396533346139356132336463643230646436373032316339633065646437366434393064303831
30643461663731356539313862643835633863333736386633646363393963333332623664343137
34663963393663366635366161323731383461393634656132353635666331643335346531353338
30613365633361383961346233366562303738373933336266353036376337393337306565396530
38373862653262333836323536383239313266346432663139353132653831636631646333336462
39306339366130313462663262633363346366646363613430653038313438626335323731396330
30363739626435643535313038303935343838353132623932616531333966613530623837386435
62333634376530393134643037623064356336313664666364393835343434376635633562313537
65666463393565653965636165366264313730386439633165373030626531626630343962396431
31316364623736306237616237643936643634333632653239323137623935646664366531393061
61373039643765623432633039306435336336643264666332396365373137373731346536666635
62363035343064393864633537356561363339353361353164653833316434323662636135636334
31303033303464303439616130333162653236386165333330643365396336343363363931626165
36656663663066373131363763353265663465646239343134343736366136383239376139326162
39343562386132666364653732386363336132323766376232653037653734373163366230363136
39383233636239316161623430623635383563613732643330316437663834343363613138333561
64623832326662333931396365323164323563373563343539623763356136376364343265343962
37326231333565616333376562353632346363663138323164623332376262313762383237363036
63393239623466333633633563623135306532616662386337313761356639336638386335643866
30353461333233333731653730363430623265626531376632386537393962643363626531323038
36336437396563313436663530613032363833653235616231343261333631303830616235313234
62626230316337643137613432316336653135353335333262666565376234336131636439323238
39363531373937343537383661646231626339373737626138633565343661356231363661356534
62396562313733653031333932336531313961346361633230373764343830643238333632383464
30653162306538656330613733373135613863656636313461333036633166373432363637393936
33663039656635333664656136656664636234313030633536343531646461343765623561646530
36636434336435313135646437623733303865613435663865343765616139333363376263353930
38343164346466373862336132313263613463616139626636346464393630326431353036383533
64346133383963363134393238323963313830393632653634646463393433396139303365346430
38346361386231323431343730373630613331636333313236643664383566616637363536646132
32376266396363616663303932633836396134626164363538636136393933653736316564633261
66616166353265653338663436646239386430336261316666643333313939373133313831623965
31346339653562303737396530666136633735666466623332343630613565303962343533636461
32653635363437393066336563643238666137623832333435636666336561636633646631613130
35383366323935326433303663373962393135393263393662356435646132373736393539326635
66366532383332343734653833623262666239643063346337646465643838306163326363623665
65343466653436376363336432363536636335633962626263356332316365643639666361323132
323339333336383166303963396461383966
